25 4 212
6 5 4
6 6 8
6 7 8
6 8 4
6 9 5
7 5 8
7 6 8
7 7 8
7 8 8
7 18 5
7 19 8
7 20 8
7 21 2
7 22 2
8 5 8
8 6 8
8 7 8
8 8 8
8 9 1
8 12 3
8 13 8
8 14 8
8 15 3
8 18 8
8 19 8
8 20 8
8 21 8
8 22 2
9 5 4
9 6 8
9 7 8
9 8 7
9 12 8
9 13 8
9 14 8
9 15 8
9 16 4
9 18 8
9 19 8
9 20 8
9 21 8
10 5 3
10 6 1
10 8 2
10 12 8
10 13 8
10 14 8
10 15 8
10 16 4
10 18 7
10 19 8
10 20 8
10 21 4
11 12 7
11 13 8
11 14 8
11 15 2
11 18 3
11 20 2
11 21 2
12 13 4
12 14 4
12 16 2
14 12 1
14 13 8
14 14 8
14 15 7
15 12 8
15 13 8
15 14 8
15 15 8
16 3 3
16 4 8
16 5 8
16 6 5
16 7 3
16 12 8
16 13 8
16 14 8
16 15 8
16 16 4
17 3 8
17 4 8
17 5 8
17 6 8
17 12 3
17 13 8
17 14 8
17 15 3
17 16 1
18 3 8
18 4 8
18 5 8
18 6 8
18 7 2
18 12 5
18 13 1
18 15 3
18 16 4
18 18 2
18 19 8
18 20 8
18 21 1
18 22 3
19 3 7
19 4 8
19 5 8
19 6 7
19 7 2
19 18 8
19 19 8
19 20 8
19 21 8
19 22 4
20 4 1
20 6 3
20 7 2
20 18 8
20 19 8
20 20 8
20 21 8
20 22 4
21 18 3
21 19 8
21 20 8
21 21 5
21 22 1
22 18 5
22 19 3
22 20 3
22 21 4
22 22 1
11 3 7
17 8 3
11 25 7
13 19 6
5 5 3
5 10 3
8 4 2
23 9 5
12 12 1
6 12 9
13 12 4
1 15 8
7 11 2
22 10 6
20 9 9
17 19 1
18 14 3
2 11 9
9 4 5
24 9 5
13 17 2
3 20 2
12 6 3
15 8 1
6 11 4
6 19 6
5 14 3
14 25 4
11 11 7
13 10 5
13 4 6
23 13 1
18 11 4
12 5 2
15 18 2
11 1 4
5 1 2
2 5 9
7 10 6
12 18 6
3 12 2
7 16 4
12 9 2
20 12 9
23 1 9
18 17 4
17 9 8
5 23 5
14 19 5
17 11 2
14 10 4
13 13 3
3 23 2
25 25 3
2 16 5
18 8 5
25 20 1
21 24 9
5 4 4
1 10 7
3 9 6
5 17 9
21 5 1
21 3 8
9 22 8
6 17 7
8 24 8
25 5 8
6 10 8
7 9 8
7 17 7
8 16 7
8 17 8
9 17 9
10 17 1
11 16 1
11 17 2
12 17 3
17 7 7
20 5 8
